1a 150  850   499.06	14.22	541.61	18.51	0.00
2a 150  850   499.06	14.22	536.72	13.50	11.80
3a 130  850   499.06	14.22	536.72	23.46	11.80
4a 110  850   499.06	14.22	515.28	33.18	35.00
5a 110  850   499.06	14.22	477.77	41.47	55.00
6a 110  850   499.06	14.22	425.93	49.57	75.00
7a 130  850   499.06	14.22	395.35	53.49	85.00
1b 320  850   496.93	15.31	547.54	19.50	0.00
2b 320  850   496.93	15.31	542.97	25.40	14.44
3b 270  850   496.93	15.31	542.97	13.50	14.44
4b 220  850   496.93	15.31	520.95	34.00	35.00
5b 220  850   496.93	15.31	483.08	42.19	55.00
6b 220  850   496.93	15.31	430.78	50.17	75.00
7b 270  850   496.93	15.31	399.92	54.02	85.00
1bb 490  1645  1288.58	7.50	556.71	24.60	0.00
2bb 490  1645  1288.58	7.50	551.70	30.73	15.00
3bb 320  1645  1288.58	7.50	540.32	13.50	27.21
4bb 320  1645  1288.58	7.50	529.72	38.86	35.00
5bb 320  1645  1288.58	7.50	491.31	46.90	55.00
6bb 320  1645  1288.58	7.50	438.29	54.70	75.00
7bb 320  1645  1288.58	7.50	407.04	58.44	85.00
1c 490  1645  1286.60	7.88	562.00	25.46	0.00
2c 490  1645  1286.60	7.88	556.95	31.53	15.00
3c 320  1645  1286.60	7.88	544.50	13.50	29.63
4c 320  1645  1286.60	7.88	534.79	39.59	35.00
5c 320  1645  1286.60	7.88	496.06	47.53	55.00
6c 320  1645  1286.60	7.88	442.64	55.23	75.00
7c 320  1645  1286.60	7.88	411.16	58.92	85.00
1d 650  1645  1281.28	8.83	575.96	27.44	0.00
2d 590  1645  1281.28	8.83	570.80	33.36	15.00
3d 430  1645  1281.28	8.83	551.22	13.67	35.00
4d 430  1645  1281.28	8.83	551.22	41.21	35.00
5d 380  1645  1281.28	8.83	508.64	48.93	55.00
6d 430  1645  1281.28	8.83	454.17	56.38	75.00
7d 540  1645  1281.28	8.83	422.13	59.50	83.80
