1a 150  1419  1068.07	7.51	541.61	21.19	0.00
2a 150  1419  1068.07	7.51	536.72	14.89	15.00
3a 130  1419  1068.07	7.51	536.72	27.49	15.00
4a 110  1419  1068.07	7.51	515.28	35.86	35.00
5a 110  1419  1068.07	7.51	477.77	44.15	55.00
6a 110  1419  1068.07	7.51	425.93	52.25	75.00
7a 130  1419  1068.07	7.51	395.35	56.17	85.00
1b 320  1419  1065.93	8.08	547.54	22.01	0.00
2b 320  1419  1065.93	8.08	542.97	28.61	15.00
3b 270  1419  1065.93	8.08	542.97	13.66	21.00
4b 220  1419  1065.93	8.08	520.95	36.89	35.00
5b 220  1419  1065.93	8.08	483.08	45.07	55.00
6b 220  1419  1065.93	8.08	430.78	53.06	75.00
7b 270  1419  1065.93	8.08	399.92	56.90	85.00
1c 490  1419  1060.61	9.35	562.00	24.83	0.00
2c 490  1419  1060.61	9.35	556.95	30.90	15.00
3c 320  1419  1060.61	9.35	544.50	13.52	28.00
4c 320  1419  1060.61	9.35	534.79	38.95	35.00
5c 320  1419  1060.61	9.35	496.06	46.90	55.00
6c 320  1419  1060.61	9.35	442.64	54.60	75.00
7c 320  1419  1060.61	9.35	411.16	58.28	85.00
1d 650  1419  1055.28	10.48	575.96	26.73	0.00
2d 590  1419  1055.28	10.48	570.80	32.65	15.00
3d 430  1419  1055.28	10.48	551.22	13.74	33.00
4d 430  1419  1055.28	10.48	551.22	39.72	33.00
5d 380  1419  1055.28	10.48	508.64	48.22	55.00
6d 430  1419  1055.28	10.48	454.17	55.66	75.00
7d 540  1419  1055.28	10.48	422.13	59.20	83.80
