gr1k1 1300 1419 1055.28 10.48 493.93 56.01 110.00
gr1k2 1300 1419 1055.28 10.48 556.10 46.49 133.00
gr1k3a 1300 1419 1055.28 10.48 583.05 13.67 149.00
gr1k3b 1300 1419 1055.28 10.48 583.05 39.79 149.00
gr1k4a 1300 1419 1055.28 10.48 599.95 18.3 160.00
gr1k4b 1300 1419 1055.28 10.48 599.95 35.16 160.00
gr2k1 1300 2109 1691.99 11.77 615.69	15.08	115.00
gr2k2a 2160 2109 1691.99 11.77 647.85	56.3	125.00
gr2k2b 1300 2109 1691.99 11.77 647.85	18.35	125.00
gr2k3a 1300 2109 1691.99 11.77 697.99	49.52	145.00
gr2k3b 1300 2109 1691.99 11.77 697.99	25.13	145.00
gr2k4a 860 2109 1691.99 11.77 726.87	42.58	165.00
gr2k4b 860 2109 1691.99 11.77 726.87	32.07	165.00
gr4k1 5290 2109 1658.31 17.12 664.52	23.48	100.00
gr4k2 5400 2109 1658.31 17.12 738.39	27.66	120.00
gr4k3a 6050 2109 1658.31 17.12 795.37	32.48	140.00
gr4k3b 12100 2109 1658.31 17.12 795.37	53.45	140.00
gr4k4a 9070 2109 1658.31 17.12 824.45	36.34	155.00
gr4k4b 15120 2109 1658.31 17.12 824.45	49.59	155.00
gr4k5a 6050 2109 1658.31 17.12 840.48	40.3	170.00
gr4k5b 6050 2109 1658.31 17.12 840.48	45.63	170.00